              0   -0.000111186     0.00355312
           0.01   -0.000111186     0.00355312
           0.02   -0.000111186     0.00355312
           0.03   -0.000111186     0.00355312
           0.04   -0.000111186     0.00355312
           0.05   -0.000111186     0.00355312
           0.06   -0.000111186     0.00355312
           0.07   -0.000111186     0.00355312
           0.08   -0.000111186     0.00355312
           0.09   -0.000111186     0.00355312
            0.1   -0.000111186     0.00355312
           0.11   -0.000111186     0.00355312
           0.12   -0.000111186     0.00355312
           0.13   -0.000111186     0.00355312
           0.14   -0.000111186     0.00355312
           0.15   -0.000111186     0.00355312
           0.16   -0.000111186     0.00355312
           0.17   -0.000111186     0.00355312
           0.18   -0.000111186     0.00355312
           0.19   -0.000111186     0.00355312
            0.2   -0.000111186     0.00355312
           0.21   -0.000111186     0.00355312
           0.22   -0.000111186     0.00355312
           0.23   -0.000111186     0.00355312
           0.24   -0.000111186     0.00355312
           0.25   -0.000111186     0.00355312
           0.26   -0.000111186     0.00355312
           0.27   -0.000111186     0.00355312
           0.28   -0.000111186     0.00355312
           0.29   -0.000111186     0.00355312
            0.3   -0.000111186     0.00355312
           0.31   -0.000111186     0.00355312
           0.32   -0.000111186     0.00355312
           0.33   -0.000111186     0.00355312
           0.34   -0.000111186     0.00355312
           0.35   -0.000111186     0.00355312
           0.36   -0.000111186     0.00355312
           0.37   -0.000111186     0.00355312
           0.38   -0.000111186     0.00355312
           0.39   -0.000111186     0.00355312
            0.4   -0.000111186     0.00355312
           0.41   -0.000111186     0.00355312
           0.42   -0.000111186     0.00355312
           0.43   -0.000111186     0.00355312
           0.44   -0.000111186     0.00355312
           0.45   -0.000111186     0.00355312
           0.46   -0.000111186     0.00355312
           0.47   -0.000111186     0.00355312
           0.48   -0.000111186     0.00355312
           0.49   -0.000111186     0.00355312
            0.5   -0.000111186     0.00355312
           0.51   -0.000111186     0.00355312
           0.52   -0.000111186     0.00355312
           0.53   -0.000111186     0.00355312
           0.54   -0.000111186     0.00355312
           0.55   -0.000111186     0.00355312
           0.56   -0.000111186     0.00355312
           0.57   -0.000111186     0.00355312
           0.58   -0.000111186     0.00355312
           0.59   -0.000111186     0.00355312
            0.6   -0.000111186     0.00355312
           0.61   -0.000111186     0.00355312
           0.62   -0.000111186     0.00355312
           0.63   -0.000111186     0.00355312
           0.64   -0.000111186     0.00355312
           0.65   -0.000111186     0.00355312
           0.66   -0.000111186     0.00355312
           0.67   -0.000111186     0.00355312
           0.68   -0.000111186     0.00355312
           0.69   -0.000111186     0.00355312
            0.7   -0.000111186     0.00355312
           0.71   -0.000111186     0.00355312
           0.72   -0.000111186     0.00355312
           0.73   -0.000111186     0.00355312
           0.74   -0.000111186     0.00355312
           0.75   -0.000111186     0.00355312
           0.76   -0.000111186     0.00355312
           0.77   -0.000111186     0.00355312
           0.78   -0.000111186     0.00355312
           0.79   -0.000111186     0.00355312
            0.8   -0.000111186     0.00355312
           0.81   -0.000111186     0.00355312
           0.82   -0.000111186     0.00355312
           0.83   -0.000111186     0.00355312
           0.84   -0.000111186     0.00355312
           0.85   -0.000111186     0.00355312
           0.86   -0.000111186     0.00355312
           0.87   -0.000111186     0.00355312
           0.88   -0.000111186     0.00355312
           0.89   -0.000111186     0.00355312
            0.9   -0.000111186     0.00355312
           0.91   -0.000111186     0.00355312
           0.92   -0.000111186     0.00355312
           0.93   -0.000111186     0.00355312
           0.94   -0.000111186     0.00355312
           0.95   -0.000111186     0.00355312
           0.96   -0.000111186     0.00355312
           0.97   -0.000111186     0.00355312
           0.98   -0.000111186     0.00355312
           0.99   -0.000111186     0.00355312
              1   -0.000111186     0.00355312
           1.01   -0.000111186     0.00355312
           1.02   -0.000111186     0.00355312
           1.03   -0.000111186     0.00355312
           1.04   -0.000111186     0.00355312
           1.05   -0.000111186     0.00355312
           1.06   -0.000111186     0.00355312
           1.07   -0.000111186     0.00355312
           1.08   -0.000111186     0.00355312
           1.09   -0.000111186     0.00355312
            1.1   -0.000111186     0.00355312
           1.11   -0.000111186     0.00355312
           1.12   -0.000111186     0.00355312
           1.13   -0.000111186     0.00355312
           1.14   -0.000111186     0.00355312
           1.15   -0.000111186     0.00355312
           1.16   -0.000111186     0.00355312
           1.17   -0.000111186     0.00355312
           1.18   -0.000111186     0.00355312
           1.19   -0.000111186     0.00355312
            1.2   -0.000111186     0.00355312
           1.21   -0.000111186     0.00355312
           1.22   -0.000111186     0.00355312
           1.23   -0.000111186     0.00355312
           1.24   -0.000111186     0.00355312
           1.25   -0.000111186     0.00355312
           1.26   -0.000111186     0.00355312
           1.27   -0.000111186     0.00355312
           1.28   -0.000111186     0.00355312
           1.29   -0.000111186     0.00355312
            1.3   -0.000111186     0.00355312
           1.31   -0.000111186     0.00355312
           1.32   -0.000111186     0.00355312
           1.33   -0.000111186     0.00355312
           1.34   -0.000111186     0.00355312
           1.35   -0.000111186     0.00355312
           1.36   -0.000111186     0.00355312
           1.37   -0.000111186     0.00355312
           1.38   -0.000111186     0.00355312
           1.39   -0.000111186     0.00355312
            1.4   -0.000111186     0.00355312
           1.41   -0.000111186     0.00355312
           1.42   -0.000111186     0.00355312
           1.43   -0.000111186     0.00355312
           1.44   -0.000111186     0.00355312
           1.45   -0.000111186     0.00355312
           1.46   -0.000111186     0.00355312
           1.47   -0.000111186     0.00355312
           1.48   -0.000111186     0.00355312
           1.49   -0.000111186     0.00355312
            1.5   -0.000111186     0.00355312
           1.51   -0.000111186     0.00355312
           1.52   -0.000111186     0.00355312
           1.53   -0.000111186     0.00355312
           1.54   -0.000111186     0.00355312
           1.55   -0.000111186     0.00355312
           1.56   -0.000111186     0.00355312
           1.57   -0.000111186     0.00355312
           1.58   -0.000111186     0.00355312
           1.59   -0.000111186     0.00355312
            1.6   -0.000111186     0.00355312
           1.61   -0.000111186     0.00355312
           1.62   -0.000111186     0.00355312
           1.63   -0.000111186     0.00355312
           1.64   -0.000111186     0.00355312
           1.65   -0.000111186     0.00355312
           1.66   -0.000111186     0.00355312
           1.67   -0.000111186     0.00355312
           1.68   -0.000111186     0.00355312
           1.69   -0.000111186     0.00355312
            1.7   -0.000111186     0.00355312
           1.71   -0.000111186     0.00355312
           1.72   -0.000111186     0.00355312
           1.73   -0.000111186     0.00355312
           1.74   -0.000111186     0.00355312
           1.75   -0.000111186     0.00355312
           1.76   -0.000111186     0.00355312
           1.77   -0.000111186     0.00355312
           1.78   -0.000111186     0.00355312
           1.79   -0.000111186     0.00355312
            1.8   -0.000111186     0.00355312
           1.81   -0.000111186     0.00355312
           1.82   -0.000111186     0.00355312
           1.83   -0.000111186     0.00355312
           1.84   -0.000111186     0.00355312
           1.85   -0.000111186     0.00355312
           1.86   -0.000111186     0.00355312
           1.87   -0.000111186     0.00355312
           1.88   -0.000111186     0.00355312
           1.89   -0.000111186     0.00355312
            1.9   -0.000111186     0.00355312
           1.91   -0.000111186     0.00355312
           1.92   -0.000111186     0.00355312
           1.93   -0.000111186     0.00355312
           1.94   -0.000111186     0.00355312
           1.95   -0.000111186     0.00355312
           1.96   -0.000111186     0.00355312
           1.97   -0.000111186     0.00355312
           1.98   -0.000111186     0.00355312
           1.99   -0.000111186     0.00355312
              2   -0.000111186     0.00355312
           2.01   -0.000111186     0.00355312
           2.02   -0.000111186     0.00355312
           2.03   -0.000111186     0.00355312
           2.04   -0.000111186     0.00355312
           2.05   -0.000111186     0.00355312
           2.06   -0.000111186     0.00355312
           2.07   -0.000111186     0.00355312
           2.08   -0.000111186     0.00355312
           2.09   -0.000111186     0.00355312
            2.1   -0.000111186     0.00355312
           2.11   -0.000111186     0.00355312
           2.12   -0.000111186     0.00355312
           2.13   -0.000111186     0.00355312
           2.14   -0.000111186     0.00355312
           2.15   -0.000111186     0.00355312
           2.16   -0.000111186     0.00355312
           2.17   -0.000111186     0.00355312
           2.18   -0.000111186     0.00355312
           2.19   -0.000111186     0.00355312
            2.2   -0.000111186     0.00355312
           2.21   -0.000111186     0.00355312
           2.22   -0.000111186     0.00355312
           2.23   -0.000111186     0.00355312
           2.24   -0.000111186     0.00355312
           2.25   -0.000111186     0.00355312
           2.26   -0.000111186     0.00355312
           2.27   -0.000111186     0.00355312
           2.28   -0.000111186     0.00355312
           2.29   -0.000111186     0.00355312
            2.3   -0.000111186     0.00355312
           2.31   -0.000111186     0.00355312
           2.32   -0.000111186     0.00355312
           2.33   -0.000111186     0.00355312
           2.34   -0.000111186     0.00355312
           2.35   -0.000111186     0.00355312
           2.36   -0.000111186     0.00355312
           2.37   -0.000111186     0.00355312
           2.38   -0.000111186     0.00355312
           2.39   -0.000111186     0.00355312
            2.4   -0.000111186     0.00355312
           2.41   -0.000111186     0.00355312
           2.42   -0.000111186     0.00355312
           2.43   -0.000111186     0.00355312
           2.44   -0.000111186     0.00355312
           2.45   -0.000111186     0.00355312
           2.46   -0.000111186     0.00355312
           2.47   -0.000111186     0.00355312
           2.48   -0.000111186     0.00355312
           2.49   -0.000111186     0.00355312
            2.5   -0.000111186     0.00355312
           2.51   -0.000111186     0.00355312
           2.52   -0.000111186     0.00355312
           2.53   -0.000111186     0.00355312
           2.54   -0.000111186     0.00355312
           2.55   -0.000111186     0.00355312
           2.56   -0.000111186     0.00355312
           2.57   -0.000111186     0.00355312
           2.58   -0.000111186     0.00355312
           2.59   -0.000111186     0.00355312
            2.6   -0.000111186     0.00355312
           2.61   -0.000111186     0.00355312
           2.62   -0.000111186     0.00355312
           2.63   -0.000111186     0.00355312
           2.64   -0.000111186     0.00355312
           2.65   -0.000111186     0.00355312
           2.66   -0.000111186     0.00355312
           2.67   -0.000111186     0.00355312
           2.68   -0.000111186     0.00355312
           2.69   -0.000111186     0.00355312
            2.7   -0.000111186     0.00355312
           2.71   -0.000111186     0.00355312
           2.72   -0.000111186     0.00355312
           2.73   -0.000111186     0.00355312
           2.74   -0.000111186     0.00355312
           2.75   -0.000111186     0.00355312
           2.76   -0.000111186     0.00355312
           2.77   -0.000111186     0.00355312
           2.78   -0.000111186     0.00355312
           2.79   -0.000111186     0.00355312
            2.8   -0.000111186     0.00355312
           2.81   -0.000111186     0.00355312
           2.82   -0.000111186     0.00355312
           2.83   -0.000111186     0.00355312
           2.84   -0.000111186     0.00355312
           2.85   -0.000111186     0.00355312
           2.86   -0.000111186     0.00355312
           2.87   -0.000111186     0.00355312
           2.88   -0.000111186     0.00355312
           2.89   -0.000111186     0.00355312
            2.9   -0.000111186     0.00355312
           2.91   -0.000111186     0.00355312
           2.92   -0.000111186     0.00355312
           2.93   -0.000111186     0.00355312
           2.94   -0.000111186     0.00355312
           2.95   -0.000111186     0.00355312
           2.96   -0.000111186     0.00355312
           2.97   -0.000111186     0.00355312
           2.98   -0.000111186     0.00355312
           2.99   -0.000111186     0.00355312
              3   -0.000111186     0.00355312
           3.01   -0.000111186     0.00355312
           3.02   -0.000111186     0.00355312
           3.03   -0.000111186     0.00355312
           3.04   -0.000111186     0.00355312
           3.05   -0.000111186     0.00355312
           3.06   -0.000111186     0.00355312
           3.07   -0.000111186     0.00355312
           3.08   -0.000111186     0.00355312
           3.09   -0.000111186     0.00355312
            3.1   -0.000111186     0.00355312
           3.11   -0.000111186     0.00355312
           3.12   -0.000111186     0.00355312
           3.13   -0.000111186     0.00355312
           3.14   -0.000111186     0.00355312
           3.15   -0.000111186     0.00355312
           3.16   -0.000111186     0.00355312
           3.17   -0.000111186     0.00355312
           3.18   -0.000111186     0.00355312
           3.19   -0.000111186     0.00355312
            3.2   -0.000111186     0.00355312
           3.21   -0.000111186     0.00355312
           3.22   -0.000111186     0.00355312
           3.23   -0.000111186     0.00355312
           3.24   -0.000111186     0.00355312
           3.25   -0.000111186     0.00355312
           3.26   -0.000111186     0.00355312
           3.27   -0.000111186     0.00355312
           3.28   -0.000111186     0.00355312
           3.29   -0.000111186     0.00355312
            3.3   -0.000111186     0.00355312
           3.31   -0.000111186     0.00355312
           3.32   -0.000111186     0.00355312
           3.33   -0.000111186     0.00355312
           3.34   -0.000111186     0.00355312
           3.35   -0.000111186     0.00355312
           3.36   -0.000111186     0.00355312
           3.37   -0.000111186     0.00355312
           3.38   -0.000111186     0.00355312
           3.39   -0.000111186     0.00355312
            3.4   -0.000111186     0.00355312
           3.41   -0.000111186     0.00355312
           3.42   -0.000111186     0.00355312
           3.43   -0.000111186     0.00355312
           3.44   -0.000111186     0.00355312
           3.45   -0.000111186     0.00355312
           3.46   -0.000111186     0.00355312
           3.47   -0.000111186     0.00355312
           3.48   -0.000111186     0.00355312
           3.49   -0.000111186     0.00355312
            3.5   -0.000111186     0.00355312
           3.51   -0.000111186     0.00355312
           3.52   -0.000111186     0.00355312
           3.53   -0.000111186     0.00355312
           3.54   -0.000111186     0.00355312
           3.55   -0.000111186     0.00355312
           3.56   -0.000111186     0.00355312
           3.57   -0.000111186     0.00355312
           3.58   -0.000111186     0.00355312
           3.59   -0.000111186     0.00355312
            3.6   -0.000111186     0.00355312
           3.61   -0.000111186     0.00355312
           3.62   -0.000111186     0.00355312
           3.63   -0.000111186     0.00355312
           3.64   -0.000111186     0.00355312
           3.65   -0.000111186     0.00355312
           3.66   -0.000111186     0.00355312
           3.67   -0.000111186     0.00355312
           3.68   -0.000111186     0.00355312
           3.69   -0.000111186     0.00355312
            3.7   -0.000111186     0.00355312
           3.71   -0.000111186     0.00355312
           3.72   -0.000111186     0.00355312
           3.73   -0.000111186     0.00355312
           3.74   -0.000111186     0.00355312
           3.75   -0.000111186     0.00355312
           3.76   -0.000111186     0.00355312
           3.77   -0.000111186     0.00355312
           3.78   -0.000111186     0.00355312
           3.79   -0.000111186     0.00355312
            3.8   -0.000111186     0.00355312
           3.81   -0.000111186     0.00355312
           3.82   -0.000111186     0.00355312
           3.83   -0.000111186     0.00355312
           3.84   -0.000111186     0.00355312
           3.85   -0.000111186     0.00355312
           3.86   -0.000111186     0.00355312
           3.87   -0.000111186     0.00355312
           3.88   -0.000111186     0.00355312
           3.89   -0.000111186     0.00355312
            3.9   -0.000111186     0.00355312
           3.91   -0.000111186     0.00355312
           3.92   -0.000111186     0.00355312
           3.93   -0.000111186     0.00355312
           3.94   -0.000111186     0.00355312
           3.95   -0.000111186     0.00355312
           3.96   -0.000111186     0.00355312
           3.97   -0.000111186     0.00355312
           3.98   -0.000111186     0.00355312
           3.99   -0.000111186     0.00355312
              4   -0.000111186     0.00355312
           4.01   -0.000111186     0.00355312
           4.02   -0.000111186     0.00355312
           4.03   -0.000111186     0.00355312
           4.04   -0.000111186     0.00355312
           4.05   -0.000111186     0.00355312
           4.06   -0.000111186     0.00355312
           4.07   -0.000111186     0.00355312
           4.08   -0.000111186     0.00355312
           4.09   -0.000111186     0.00355312
            4.1   -0.000111186     0.00355312
           4.11   -0.000111186     0.00355312
           4.12   -0.000111186     0.00355312
           4.13   -0.000111186     0.00355312
           4.14   -0.000111186     0.00355312
           4.15   -0.000111186     0.00355312
           4.16   -0.000111186     0.00355312
           4.17   -0.000111186     0.00355312
           4.18   -0.000111186     0.00355312
           4.19   -0.000111186     0.00355312
            4.2   -0.000111186     0.00355312
           4.21   -0.000111186     0.00355312
           4.22   -0.000111186     0.00355312
           4.23   -0.000111186     0.00355312
           4.24   -0.000111186     0.00355312
           4.25   -0.000111186     0.00355312
           4.26   -0.000111186     0.00355312
           4.27   -0.000111186     0.00355312
           4.28   -0.000111186     0.00355312
           4.29   -0.000111186     0.00355312
            4.3   -0.000111186     0.00355312
           4.31   -0.000111186     0.00355312
           4.32   -0.000111186     0.00355312
           4.33   -0.000111186     0.00355312
           4.34   -0.000111186     0.00355312
           4.35   -0.000111186     0.00355312
           4.36   -0.000111186     0.00355312
           4.37   -0.000111186     0.00355312
           4.38   -0.000111186     0.00355312
           4.39   -0.000111186     0.00355312
            4.4   -0.000111186     0.00355312
           4.41   -0.000111186     0.00355312
           4.42   -0.000111186     0.00355312
           4.43   -0.000111186     0.00355312
           4.44   -0.000111186     0.00355312
           4.45   -0.000111186     0.00355312
           4.46   -0.000111186     0.00355312
           4.47   -0.000111186     0.00355312
           4.48   -0.000111186     0.00355312
           4.49   -0.000111186     0.00355312
            4.5   -0.000111186     0.00355312
           4.51   -0.000111186     0.00355312
           4.52   -0.000111186     0.00355312
           4.53   -0.000111186     0.00355312
           4.54   -0.000111186     0.00355312
           4.55   -0.000111186     0.00355312
           4.56   -0.000111186     0.00355312
           4.57   -0.000111186     0.00355312
           4.58   -0.000111186     0.00355312
           4.59   -0.000111186     0.00355312
            4.6   -0.000111186     0.00355312
           4.61   -0.000111186     0.00355312
           4.62   -0.000111186     0.00355312
           4.63   -0.000111186     0.00355312
           4.64   -0.000111186     0.00355312
           4.65   -0.000111186     0.00355312
           4.66   -0.000111186     0.00355312
           4.67   -0.000111186     0.00355312
           4.68   -0.000111186     0.00355312
           4.69   -0.000111186     0.00355312
            4.7   -0.000111186     0.00355312
           4.71   -0.000111186     0.00355312
           4.72   -0.000111186     0.00355312
           4.73   -0.000111186     0.00355312
           4.74   -0.000111186     0.00355312
           4.75   -0.000111186     0.00355312
           4.76   -0.000111186     0.00355312
           4.77   -0.000111186     0.00355312
           4.78   -0.000111186     0.00355312
           4.79   -0.000111186     0.00355312
            4.8   -0.000111186     0.00355312
           4.81   -0.000111186     0.00355312
           4.82   -0.000111186     0.00355312
           4.83   -0.000111186     0.00355312
           4.84   -0.000111186     0.00355312
           4.85   -0.000111186     0.00355312
           4.86   -0.000111186     0.00355312
           4.87   -0.000111186     0.00355312
           4.88   -0.000111186     0.00355312
           4.89   -0.000111186     0.00355312
            4.9   -0.000111186     0.00355312
           4.91   -0.000111186     0.00355312
           4.92   -0.000111186     0.00355312
           4.93   -0.000111186     0.00355312
           4.94   -0.000111186     0.00355312
           4.95   -0.000111186     0.00355312
           4.96   -0.000111186     0.00355312
           4.97   -0.000111186     0.00355312
           4.98   -0.000111186     0.00355312
           4.99   -0.000111186     0.00355312
              5   -0.000111186     0.00355312
           5.01   -0.000111186     0.00355312
           5.02   -0.000111186     0.00355312
           5.03   -0.000111186     0.00355312
           5.04   -0.000111186     0.00355312
           5.05   -0.000111186     0.00355312
           5.06   -0.000111186     0.00355312
           5.07   -0.000111186     0.00355312
           5.08   -0.000111186     0.00355312
           5.09   -0.000111186     0.00355312
            5.1   -0.000111186     0.00355312
           5.11   -0.000111186     0.00355312
           5.12   -0.000111186     0.00355312
           5.13   -0.000111186     0.00355312
           5.14   -0.000111186     0.00355312
           5.15   -0.000111186     0.00355312
           5.16   -0.000111186     0.00355312
           5.17   -0.000111186     0.00355312
           5.18   -0.000111186     0.00355312
           5.19   -0.000111186     0.00355312
            5.2   -0.000111186     0.00355312
           5.21   -0.000111186     0.00355312
           5.22   -0.000111186     0.00355312
           5.23   -0.000111186     0.00355312
           5.24   -0.000111186     0.00355312
           5.25   -0.000111186     0.00355312
           5.26   -0.000111186     0.00355312
           5.27   -0.000111186     0.00355312
           5.28   -0.000111186     0.00355312
           5.29   -0.000111186     0.00355312
            5.3   -0.000111186     0.00355312
           5.31   -0.000111186     0.00355312
           5.32   -0.000111186     0.00355312
           5.33   -0.000111186     0.00355312
           5.34   -0.000111186     0.00355312
           5.35   -0.000111186     0.00355312
           5.36   -0.000111186     0.00355312
           5.37   -0.000111186     0.00355312
           5.38   -0.000111186     0.00355312
           5.39   -0.000111186     0.00355312
            5.4   -0.000111186     0.00355312
           5.41   -0.000111186     0.00355312
           5.42   -0.000111186     0.00355312
           5.43   -0.000111186     0.00355312
           5.44   -0.000111186     0.00355312
           5.45   -0.000111186     0.00355312
           5.46   -0.000111186     0.00355312
           5.47   -0.000111186     0.00355312
           5.48   -0.000111186     0.00355312
           5.49   -0.000111186     0.00355312
            5.5   -0.000111186     0.00355312
           5.51   -0.000111186     0.00355312
           5.52   -0.000111186     0.00355312
           5.53   -0.000111186     0.00355312
           5.54   -0.000111186     0.00355312
           5.55   -0.000111186     0.00355312
           5.56   -0.000111186     0.00355312
           5.57   -0.000111186     0.00355312
           5.58   -0.000111186     0.00355312
           5.59   -0.000111186     0.00355312
            5.6   -0.000111186     0.00355312
           5.61   -0.000111186     0.00355312
           5.62   -0.000111186     0.00355312
           5.63   -0.000111186     0.00355312
           5.64   -0.000111186     0.00355312
           5.65   -0.000111186     0.00355312
           5.66   -0.000111186     0.00355312
           5.67   -0.000111186     0.00355312
           5.68   -0.000111186     0.00355312
           5.69   -0.000111186     0.00355312
            5.7   -0.000111186     0.00355312
           5.71   -0.000111186     0.00355312
           5.72   -0.000111186     0.00355312
           5.73   -0.000111186     0.00355312
           5.74   -0.000111186     0.00355312
           5.75   -0.000111186     0.00355312
           5.76   -0.000111186     0.00355312
           5.77   -0.000111186     0.00355312
           5.78   -0.000111186     0.00355312
           5.79   -0.000111186     0.00355312
            5.8   -0.000111186     0.00355312
           5.81   -0.000111186     0.00355312
           5.82   -0.000111186     0.00355312
           5.83   -0.000111186     0.00355312
           5.84   -0.000111186     0.00355312
           5.85   -0.000111186     0.00355312
           5.86   -0.000111186     0.00355312
           5.87   -0.000111186     0.00355312
           5.88   -0.000111186     0.00355312
           5.89   -0.000111186     0.00355312
            5.9   -0.000111186     0.00355312
           5.91   -0.000111186     0.00355312
           5.92   -0.000111186     0.00355312
           5.93   -0.000111186     0.00355312
           5.94   -0.000111186     0.00355312
           5.95   -0.000111186     0.00355312
           5.96   -0.000111186     0.00355312
           5.97   -0.000111186     0.00355312
           5.98   -0.000111186     0.00355312
           5.99   -0.000111186     0.00355312
              6   -0.000111186     0.00355312
           6.01   -0.000111186     0.00355312
           6.02   -0.000111186     0.00355312
           6.03   -0.000111186     0.00355312
           6.04   -0.000111186     0.00355312
           6.05   -0.000111186     0.00355312
           6.06   -0.000111186     0.00355312
           6.07   -0.000111186     0.00355312
           6.08   -0.000111186     0.00355312
           6.09   -0.000111186     0.00355312
            6.1   -0.000111186     0.00355312
           6.11   -0.000111186     0.00355312
           6.12   -0.000111186     0.00355312
           6.13   -0.000111186     0.00355312
           6.14   -0.000111186     0.00355312
           6.15   -0.000111186     0.00355312
           6.16   -0.000111186     0.00355312
           6.17   -0.000111186     0.00355312
           6.18   -0.000111186     0.00355312
           6.19   -0.000111186     0.00355312
            6.2   -0.000111186     0.00355312
           6.21   -0.000111186     0.00355312
           6.22   -0.000111186     0.00355312
           6.23   -0.000111186     0.00355312
           6.24   -0.000111186     0.00355312
           6.25   -0.000111186     0.00355312
           6.26   -0.000111186     0.00355312
           6.27   -0.000111186     0.00355312
           6.28   -0.000111186     0.00355312
           6.29   -0.000111186     0.00355312
            6.3   -0.000111186     0.00355312
           6.31   -0.000111186     0.00355312
           6.32   -0.000111186     0.00355312
           6.33   -0.000111186     0.00355312
           6.34   -0.000111186     0.00355312
           6.35   -0.000111186     0.00355312
           6.36   -0.000111186     0.00355312
           6.37   -0.000111186     0.00355312
           6.38   -0.000111186     0.00355312
           6.39   -0.000111186     0.00355312
            6.4   -0.000111186     0.00355312
           6.41   -0.000111186     0.00355312
           6.42   -0.000111186     0.00355312
           6.43   -0.000111186     0.00355312
           6.44   -0.000111186     0.00355312
           6.45   -0.000111186     0.00355312
           6.46   -0.000111186     0.00355312
           6.47   -0.000111186     0.00355312
           6.48   -0.000111186     0.00355312
           6.49   -0.000111186     0.00355312
            6.5   -0.000111186     0.00355312
           6.51   -0.000111186     0.00355312
           6.52   -0.000111186     0.00355312
           6.53   -0.000111186     0.00355312
           6.54   -0.000111186     0.00355312
           6.55   -0.000111186     0.00355312
           6.56   -0.000111186     0.00355312
           6.57   -0.000111186     0.00355312
           6.58   -0.000111186     0.00355312
           6.59   -0.000111186     0.00355312
            6.6   -0.000111186     0.00355312
           6.61   -0.000111186     0.00355312
           6.62   -0.000111186     0.00355312
           6.63   -0.000111186     0.00355312
           6.64   -0.000111186     0.00355312
           6.65   -0.000111186     0.00355312
           6.66   -0.000111186     0.00355312
           6.67   -0.000111186     0.00355312
           6.68   -0.000111186     0.00355312
           6.69   -0.000111186     0.00355312
            6.7   -0.000111186     0.00355312
           6.71   -0.000111186     0.00355312
           6.72   -0.000111186     0.00355312
           6.73   -0.000111186     0.00355312
           6.74   -0.000111186     0.00355312
           6.75   -0.000111186     0.00355312
           6.76   -0.000111186     0.00355312
           6.77   -0.000111186     0.00355312
           6.78   -0.000111186     0.00355312
           6.79   -0.000111186     0.00355312
            6.8   -0.000111186     0.00355312
           6.81   -0.000111186     0.00355312
           6.82   -0.000111186     0.00355312
           6.83   -0.000111186     0.00355312
           6.84   -0.000111186     0.00355312
           6.85   -0.000111186     0.00355312
           6.86   -0.000111186     0.00355312
           6.87   -0.000111186     0.00355312
           6.88   -0.000111186     0.00355312
           6.89   -0.000111186     0.00355312
            6.9   -0.000111186     0.00355312
           6.91   -0.000111186     0.00355312
           6.92   -0.000111186     0.00355312
           6.93   -0.000111186     0.00355312
           6.94   -0.000111186     0.00355312
           6.95   -0.000111186     0.00355312
           6.96   -0.000111186     0.00355312
           6.97   -0.000111186     0.00355312
           6.98   -0.000111186     0.00355312
           6.99   -0.000111186     0.00355312
              7   -0.000111186     0.00355312
           7.01   -0.000111186     0.00355312
           7.02   -0.000111186     0.00355312
           7.03   -0.000111186     0.00355312
           7.04   -0.000111186     0.00355312
           7.05   -0.000111186     0.00355312
           7.06   -0.000111186     0.00355312
           7.07   -0.000111186     0.00355312
           7.08   -0.000111186     0.00355312
           7.09   -0.000111186     0.00355312
            7.1   -0.000111186     0.00355312
           7.11   -0.000111186     0.00355312
           7.12   -0.000111186     0.00355312
           7.13   -0.000111186     0.00355312
           7.14   -0.000111186     0.00355312
           7.15   -0.000111186     0.00355312
           7.16   -0.000111186     0.00355312
           7.17   -0.000111186     0.00355312
           7.18   -0.000111186     0.00355312
           7.19   -0.000111186     0.00355312
            7.2   -0.000111186     0.00355312
           7.21   -0.000111186     0.00355312
           7.22   -0.000111186     0.00355312
           7.23   -0.000111186     0.00355312
           7.24   -0.000111186     0.00355312
           7.25   -0.000111186     0.00355312
           7.26   -0.000111186     0.00355312
           7.27   -0.000111186     0.00355312
           7.28   -0.000111186     0.00355312
           7.29   -0.000111186     0.00355312
            7.3   -0.000111186     0.00355312
           7.31   -0.000111186     0.00355312
           7.32   -0.000111186     0.00355312
           7.33   -0.000111186     0.00355312
           7.34   -0.000111186     0.00355312
           7.35   -0.000111186     0.00355312
           7.36   -0.000111186     0.00355312
           7.37   -0.000111186     0.00355312
           7.38   -0.000111186     0.00355312
           7.39   -0.000111186     0.00355312
            7.4   -0.000111186     0.00355312
           7.41   -0.000111186     0.00355312
           7.42   -0.000111186     0.00355312
           7.43   -0.000111186     0.00355312
           7.44   -0.000111186     0.00355312
           7.45   -0.000111186     0.00355312
           7.46   -0.000111186     0.00355312
           7.47   -0.000111186     0.00355312
           7.48   -0.000111186     0.00355312
           7.49   -0.000111186     0.00355312
            7.5   -0.000111186     0.00355312
           7.51   -0.000111186     0.00355312
           7.52   -0.000111186     0.00355312
           7.53   -0.000111186     0.00355312
           7.54   -0.000111186     0.00355312
           7.55   -0.000111186     0.00355312
           7.56   -0.000111186     0.00355312
           7.57   -0.000111186     0.00355312
           7.58   -0.000111186     0.00355312
           7.59   -0.000111186     0.00355312
            7.6   -0.000111186     0.00355312
           7.61   -0.000111186     0.00355312
           7.62   -0.000111186     0.00355312
           7.63   -0.000111186     0.00355312
           7.64   -0.000111186     0.00355312
           7.65   -0.000111186     0.00355312
           7.66   -0.000111186     0.00355312
           7.67   -0.000111186     0.00355312
           7.68   -0.000111186     0.00355312
           7.69   -0.000111186     0.00355312
            7.7   -0.000111186     0.00355312
           7.71   -0.000111186     0.00355312
           7.72   -0.000111186     0.00355312
           7.73   -0.000111186     0.00355312
           7.74   -0.000111186     0.00355312
           7.75   -0.000111186     0.00355312
           7.76   -0.000111186     0.00355312
           7.77   -0.000111186     0.00355312
           7.78   -0.000111186     0.00355312
           7.79   -0.000111186     0.00355312
            7.8   -0.000111186     0.00355312
           7.81   -0.000111186     0.00355312
           7.82   -0.000111186     0.00355312
           7.83   -0.000111186     0.00355312
           7.84   -0.000111186     0.00355312
           7.85   -0.000111186     0.00355312
           7.86   -0.000111186     0.00355312
           7.87   -0.000111186     0.00355312
           7.88   -0.000111186     0.00355312
           7.89   -0.000111186     0.00355312
            7.9   -0.000111186     0.00355312
           7.91   -0.000111186     0.00355312
           7.92   -0.000111186     0.00355312
           7.93   -0.000111186     0.00355312
           7.94   -0.000111186     0.00355312
           7.95   -0.000111186     0.00355312
           7.96   -0.000111186     0.00355312
           7.97   -0.000111186     0.00355312
           7.98   -0.000111186     0.00355312
           7.99   -0.000111186     0.00355312
              8   -0.000111186     0.00355312
           8.01   -0.000111186     0.00355312
           8.02   -0.000111186     0.00355312
           8.03   -0.000111186     0.00355312
           8.04   -0.000111186     0.00355312
           8.05   -0.000111186     0.00355312
           8.06   -0.000111186     0.00355312
           8.07   -0.000111186     0.00355312
           8.08   -0.000111186     0.00355312
           8.09   -0.000111186     0.00355312
            8.1   -0.000111186     0.00355312
           8.11   -0.000111186     0.00355312
           8.12   -0.000111186     0.00355312
           8.13   -0.000111186     0.00355312
           8.14   -0.000111186     0.00355312
           8.15   -0.000111186     0.00355312
           8.16   -0.000111186     0.00355312
           8.17   -0.000111186     0.00355312
           8.18   -0.000111186     0.00355312
           8.19   -0.000111186     0.00355312
            8.2   -0.000111186     0.00355312
           8.21   -0.000111186     0.00355312
           8.22   -0.000111186     0.00355312
           8.23   -0.000111186     0.00355312
           8.24   -0.000111186     0.00355312
           8.25   -0.000111186     0.00355312
           8.26   -0.000111186     0.00355312
           8.27   -0.000111186     0.00355312
           8.28   -0.000111186     0.00355312
           8.29   -0.000111186     0.00355312
            8.3   -0.000111186     0.00355312
           8.31   -0.000111186     0.00355312
           8.32   -0.000111186     0.00355312
           8.33   -0.000111186     0.00355312
           8.34   -0.000111186     0.00355312
           8.35   -0.000111186     0.00355312
           8.36   -0.000111186     0.00355312
           8.37   -0.000111186     0.00355312
           8.38   -0.000111186     0.00355312
           8.39   -0.000111186     0.00355312
            8.4   -0.000111186     0.00355312
           8.41   -0.000111186     0.00355312
           8.42   -0.000111186     0.00355312
           8.43   -0.000111186     0.00355312
           8.44   -0.000111186     0.00355312
           8.45   -0.000111186     0.00355312
           8.46   -0.000111186     0.00355312
           8.47   -0.000111186     0.00355312
           8.48   -0.000111186     0.00355312
           8.49   -0.000111186     0.00355312
            8.5   -0.000111186     0.00355312
           8.51   -0.000111186     0.00355312
           8.52   -0.000111186     0.00355312
           8.53   -0.000111186     0.00355312
           8.54   -0.000111186     0.00355312
           8.55   -0.000111186     0.00355312
           8.56   -0.000111186     0.00355312
           8.57   -0.000111186     0.00355312
           8.58   -0.000111186     0.00355312
           8.59   -0.000111186     0.00355312
            8.6   -0.000111186     0.00355312
           8.61   -0.000111186     0.00355312
           8.62   -0.000111186     0.00355312
           8.63   -0.000111186     0.00355312
           8.64   -0.000111186     0.00355312
           8.65   -0.000111186     0.00355312
           8.66   -0.000111186     0.00355312
           8.67   -0.000111186     0.00355312
           8.68   -0.000111186     0.00355312
           8.69   -0.000111186     0.00355312
            8.7   -0.000111186     0.00355312
           8.71   -0.000111186     0.00355312
           8.72   -0.000111186     0.00355312
           8.73   -0.000111186     0.00355312
           8.74   -0.000111186     0.00355312
           8.75   -0.000111186     0.00355312
           8.76   -0.000111186     0.00355312
           8.77   -0.000111186     0.00355312
           8.78   -0.000111186     0.00355312
           8.79   -0.000111186     0.00355312
            8.8   -0.000111186     0.00355312
           8.81   -0.000111186     0.00355312
           8.82   -0.000111186     0.00355312
           8.83   -0.000111186     0.00355312
           8.84   -0.000111186     0.00355312
           8.85   -0.000111186     0.00355312
           8.86   -0.000111186     0.00355312
           8.87   -0.000111186     0.00355312
           8.88   -0.000111186     0.00355312
           8.89   -0.000111186     0.00355312
            8.9   -0.000111186     0.00355312
           8.91   -0.000111186     0.00355312
           8.92   -0.000111186     0.00355312
           8.93   -0.000111186     0.00355312
           8.94   -0.000111186     0.00355312
           8.95   -0.000111186     0.00355312
           8.96   -0.000111186     0.00355312
           8.97   -0.000111186     0.00355312
           8.98   -0.000111186     0.00355312
           8.99   -0.000111186     0.00355312
              9   -0.000111186     0.00355312
           9.01   -0.000111186     0.00355312
           9.02   -0.000111186     0.00355312
           9.03   -0.000111186     0.00355312
           9.04   -0.000111186     0.00355312
           9.05   -0.000111186     0.00355312
           9.06   -0.000111186     0.00355312
           9.07   -0.000111186     0.00355312
           9.08   -0.000111186     0.00355312
           9.09   -0.000111186     0.00355312
            9.1   -0.000111186     0.00355312
           9.11   -0.000111186     0.00355312
           9.12   -0.000111186     0.00355312
           9.13   -0.000111186     0.00355312
           9.14   -0.000111186     0.00355312
           9.15   -0.000111186     0.00355312
           9.16   -0.000111186     0.00355312
           9.17   -0.000111186     0.00355312
           9.18   -0.000111186     0.00355312
           9.19   -0.000111186     0.00355312
            9.2   -0.000111186     0.00355312
           9.21   -0.000111186     0.00355312
           9.22   -0.000111186     0.00355312
           9.23   -0.000111186     0.00355312
           9.24   -0.000111186     0.00355312
           9.25   -0.000111186     0.00355312
           9.26   -0.000111186     0.00355312
           9.27   -0.000111186     0.00355312
           9.28   -0.000111186     0.00355312
           9.29   -0.000111186     0.00355312
            9.3   -0.000111186     0.00355312
           9.31   -0.000111186     0.00355312
           9.32   -0.000111186     0.00355312
           9.33   -0.000111186     0.00355312
           9.34   -0.000111186     0.00355312
           9.35   -0.000111186     0.00355312
           9.36   -0.000111186     0.00355312
           9.37   -0.000111186     0.00355312
           9.38   -0.000111186     0.00355312
           9.39   -0.000111186     0.00355312
            9.4   -0.000111186     0.00355312
           9.41   -0.000111186     0.00355312
           9.42   -0.000111186     0.00355312
           9.43   -0.000111186     0.00355312
           9.44   -0.000111186     0.00355312
           9.45   -0.000111186     0.00355312
           9.46   -0.000111186     0.00355312
           9.47   -0.000111186     0.00355312
           9.48   -0.000111186     0.00355312
           9.49   -0.000111186     0.00355312
            9.5   -0.000111186     0.00355312
           9.51   -0.000111186     0.00355312
           9.52   -0.000111186     0.00355312
           9.53   -0.000111186     0.00355312
           9.54   -0.000111186     0.00355312
           9.55   -0.000111186     0.00355312
           9.56   -0.000111186     0.00355312
           9.57   -0.000111186     0.00355312
           9.58   -0.000111186     0.00355312
           9.59   -0.000111186     0.00355312
            9.6   -0.000111186     0.00355312
           9.61   -0.000111186     0.00355312
           9.62   -0.000111186     0.00355312
           9.63   -0.000111186     0.00355312
           9.64   -0.000111186     0.00355312
           9.65   -0.000111186     0.00355312
           9.66   -0.000111186     0.00355312
           9.67   -0.000111186     0.00355312
           9.68   -0.000111186     0.00355312
           9.69   -0.000111186     0.00355312
            9.7   -0.000111186     0.00355312
           9.71   -0.000111186     0.00355312
           9.72   -0.000111186     0.00355312
           9.73   -0.000111186     0.00355312
           9.74   -0.000111186     0.00355312
           9.75   -0.000111186     0.00355312
           9.76   -0.000111186     0.00355312
           9.77   -0.000111186     0.00355312
           9.78   -0.000111186     0.00355312
           9.79   -0.000111186     0.00355312
            9.8   -0.000111186     0.00355312
           9.81   -0.000111186     0.00355312
           9.82   -0.000111186     0.00355312
           9.83   -0.000111186     0.00355312
           9.84   -0.000111186     0.00355312
           9.85   -0.000111186     0.00355312
           9.86   -0.000111186     0.00355312
           9.87   -0.000111186     0.00355312
           9.88   -0.000111186     0.00355312
           9.89   -0.000111186     0.00355312
            9.9   -0.000111186     0.00355312
           9.91   -0.000111186     0.00355312
           9.92   -0.000111186     0.00355312
           9.93   -0.000111186     0.00355312
           9.94   -0.000111186     0.00355312
           9.95   -0.000111186     0.00355312
           9.96   -0.000111186     0.00355312
           9.97   -0.000111186     0.00355312
           9.98   -0.000111186     0.00355312
           9.99   -0.000111186     0.00355312
             10   -0.000111186     0.00355312
          10.01   -0.000111186     0.00355312
          10.02   -0.000111186     0.00355312
          10.03   -0.000111186     0.00355312
          10.04   -0.000111186     0.00355312
          10.05   -0.000111186     0.00355312
          10.06   -0.000111186     0.00355312
          10.07   -0.000111186     0.00355312
          10.08   -0.000111186     0.00355312
          10.09   -0.000111186     0.00355312
           10.1   -0.000111186     0.00355312
          10.11   -0.000111186     0.00355312
          10.12   -0.000111186     0.00355312
          10.13   -0.000111186     0.00355312
          10.14   -0.000111186     0.00355312
          10.15   -0.000111186     0.00355312
          10.16   -0.000111186     0.00355312
          10.17   -0.000111186     0.00355312
          10.18   -0.000111186     0.00355312
          10.19   -0.000111186     0.00355312
           10.2   -0.000111186     0.00355312
          10.21   -0.000111186     0.00355312
          10.22   -0.000111186     0.00355312
          10.23   -0.000111186     0.00355312
          10.24   -0.000111186     0.00355312
          10.25   -0.000111186     0.00355312
          10.26   -0.000111186     0.00355312
          10.27   -0.000111186     0.00355312
          10.28   -0.000111186     0.00355312
          10.29   -0.000111186     0.00355312
           10.3   -0.000111186     0.00355312
          10.31   -0.000111186     0.00355312
          10.32   -0.000111186     0.00355312
          10.33   -0.000111186     0.00355312
          10.34   -0.000111186     0.00355312
          10.35   -0.000111186     0.00355312
          10.36   -0.000111186     0.00355312
          10.37   -0.000111186     0.00355312
          10.38   -0.000111186     0.00355312
          10.39   -0.000111186     0.00355312
           10.4   -0.000111186     0.00355312
          10.41   -0.000111186     0.00355312
          10.42   -0.000111186     0.00355312
          10.43   -0.000111186     0.00355312
          10.44   -0.000111186     0.00355312
          10.45   -0.000111186     0.00355312
          10.46   -0.000111186     0.00355312
          10.47   -0.000111186     0.00355312
          10.48   -0.000111186     0.00355312
          10.49   -0.000111186     0.00355312
           10.5   -0.000111186     0.00355312
          10.51   -0.000111186     0.00355312
          10.52   -0.000111186     0.00355312
          10.53   -0.000111186     0.00355312
          10.54   -0.000111186     0.00355312
          10.55   -0.000111186     0.00355312
          10.56   -0.000111186     0.00355312
          10.57   -0.000111186     0.00355312
          10.58   -0.000111186     0.00355312
          10.59   -0.000111186     0.00355312
           10.6   -0.000111186     0.00355312
          10.61   -0.000111186     0.00355312
          10.62   -0.000111186     0.00355312
          10.63   -0.000111186     0.00355312
          10.64   -0.000111186     0.00355312
          10.65   -0.000111186     0.00355312
          10.66   -0.000111186     0.00355312
          10.67   -0.000111186     0.00355312
          10.68   -0.000111186     0.00355312
          10.69   -0.000111186     0.00355312
           10.7   -0.000111186     0.00355312
          10.71   -0.000111186     0.00355312
          10.72   -0.000111186     0.00355312
          10.73   -0.000111186     0.00355312
          10.74   -0.000111186     0.00355312
          10.75   -0.000111186     0.00355312
          10.76   -0.000111186     0.00355312
          10.77   -0.000111186     0.00355312
          10.78   -0.000111186     0.00355312
          10.79   -0.000111186     0.00355312
           10.8   -0.000111186     0.00355312
          10.81   -0.000111186     0.00355312
          10.82   -0.000111186     0.00355312
          10.83   -0.000111186     0.00355312
          10.84   -0.000111186     0.00355312
          10.85   -0.000111186     0.00355312
          10.86   -0.000111186     0.00355312
          10.87   -0.000111186     0.00355312
          10.88   -0.000111186     0.00355312
          10.89   -0.000111186     0.00355312
           10.9   -0.000111186     0.00355312
          10.91   -0.000111186     0.00355312
          10.92   -0.000111186     0.00355312
          10.93   -0.000111186     0.00355312
          10.94   -0.000111186     0.00355312
          10.95   -0.000111186     0.00355312
          10.96   -0.000111186     0.00355312
          10.97   -0.000111186     0.00355312
          10.98   -0.000111186     0.00355312
          10.99   -0.000111186     0.00355312
             11   -0.000111186     0.00355312
          11.01   -0.000111186     0.00355312
          11.02   -0.000111186     0.00355312
          11.03   -0.000111186     0.00355312
          11.04   -0.000111186     0.00355312
          11.05   -0.000111186     0.00355312
          11.06   -0.000111186     0.00355312
          11.07   -0.000111186     0.00355312
          11.08   -0.000111186     0.00355312
          11.09   -0.000111186     0.00355312
           11.1   -0.000111186     0.00355312
          11.11   -0.000111186     0.00355312
          11.12   -0.000111186     0.00355312
          11.13   -0.000111186     0.00355312
          11.14   -0.000111186     0.00355312
          11.15   -0.000111186     0.00355312
          11.16   -0.000111186     0.00355312
          11.17   -0.000111186     0.00355312
          11.18   -0.000111186     0.00355312
          11.19   -0.000111186     0.00355312
           11.2   -0.000111186     0.00355312
          11.21   -0.000111186     0.00355312
          11.22   -0.000111186     0.00355312
          11.23   -0.000111186     0.00355312
          11.24   -0.000111186     0.00355312
          11.25   -0.000111186     0.00355312
          11.26   -0.000111186     0.00355312
          11.27   -0.000111186     0.00355312
          11.28   -0.000111186     0.00355312
          11.29   -0.000111186     0.00355312
           11.3   -0.000111186     0.00355312
          11.31   -0.000111186     0.00355312
          11.32   -0.000111186     0.00355312
          11.33   -0.000111186     0.00355312
          11.34   -0.000111186     0.00355312
          11.35   -0.000111186     0.00355312
          11.36   -0.000111186     0.00355312
          11.37   -0.000111186     0.00355312
          11.38   -0.000111186     0.00355312
          11.39   -0.000111186     0.00355312
           11.4   -0.000111186     0.00355312
          11.41   -0.000111186     0.00355312
          11.42   -0.000111186     0.00355312
          11.43   -0.000111186     0.00355312
          11.44   -0.000111186     0.00355312
          11.45   -0.000111186     0.00355312
          11.46   -0.000111186     0.00355312
          11.47   -0.000111186     0.00355312
          11.48   -0.000111186     0.00355312
          11.49   -0.000111186     0.00355312
           11.5   -0.000111186     0.00355312
          11.51   -0.000111186     0.00355312
          11.52   -0.000111186     0.00355312
          11.53   -0.000111186     0.00355312
          11.54   -0.000111186     0.00355312
          11.55   -0.000111186     0.00355312
          11.56   -0.000111186     0.00355312
          11.57   -0.000111186     0.00355312
          11.58   -0.000111186     0.00355312
          11.59   -0.000111186     0.00355312
           11.6   -0.000111186     0.00355312
          11.61   -0.000111186     0.00355312
          11.62   -0.000111186     0.00355312
          11.63   -0.000111186     0.00355312
          11.64   -0.000111186     0.00355312
          11.65   -0.000111186     0.00355312
          11.66   -0.000111186     0.00355312
          11.67   -0.000111186     0.00355312
          11.68   -0.000111186     0.00355312
          11.69   -0.000111186     0.00355312
           11.7   -0.000111186     0.00355312
          11.71   -0.000111186     0.00355312
          11.72   -0.000111186     0.00355312
          11.73   -0.000111186     0.00355312
          11.74   -0.000111186     0.00355312
          11.75   -0.000111186     0.00355312
          11.76   -0.000111186     0.00355312
          11.77   -0.000111186     0.00355312
          11.78   -0.000111186     0.00355312
          11.79   -0.000111186     0.00355312
           11.8   -0.000111186     0.00355312
          11.81   -0.000111186     0.00355312
          11.82   -0.000111186     0.00355312
          11.83   -0.000111186     0.00355312
          11.84   -0.000111186     0.00355312
          11.85   -0.000111186     0.00355312
          11.86   -0.000111186     0.00355312
          11.87   -0.000111186     0.00355312
          11.88   -0.000111186     0.00355312
          11.89   -0.000111186     0.00355312
           11.9   -0.000111186     0.00355312
          11.91   -0.000111186     0.00355312
          11.92   -0.000111186     0.00355312
          11.93   -0.000111186     0.00355312
          11.94   -0.000111186     0.00355312
          11.95   -0.000111186     0.00355312
          11.96   -0.000111186     0.00355312
          11.97   -0.000111186     0.00355312
          11.98   -0.000111186     0.00355312
          11.99   -0.000111186     0.00355312
             12   -0.000111186     0.00355312
          12.01   -0.000111186     0.00355312
          12.02   -0.000111186     0.00355312
          12.03   -0.000111186     0.00355312
          12.04   -0.000111186     0.00355312
          12.05   -0.000111186     0.00355312
          12.06   -0.000111186     0.00355312
          12.07   -0.000111186     0.00355312
          12.08   -0.000111186     0.00355312
          12.09   -0.000111186     0.00355312
           12.1   -0.000111186     0.00355312
          12.11   -0.000111186     0.00355312
          12.12   -0.000111186     0.00355312
          12.13   -0.000111186     0.00355312
          12.14   -0.000111186     0.00355312
          12.15   -0.000111186     0.00355312
          12.16   -0.000111186     0.00355312
          12.17   -0.000111186     0.00355312
          12.18   -0.000111186     0.00355312
          12.19   -0.000111186     0.00355312
           12.2   -0.000111186     0.00355312
          12.21   -0.000111186     0.00355312
          12.22   -0.000111186     0.00355312
          12.23   -0.000111186     0.00355312
          12.24   -0.000111186     0.00355312
          12.25   -0.000111186     0.00355312
          12.26   -0.000111186     0.00355312
          12.27   -0.000111186     0.00355312
          12.28   -0.000111186     0.00355312
          12.29   -0.000111186     0.00355312
           12.3   -0.000111186     0.00355312
          12.31   -0.000111186     0.00355312
          12.32   -0.000111186     0.00355312
          12.33   -0.000111186     0.00355312
          12.34   -0.000111186     0.00355312
          12.35   -0.000111186     0.00355312
          12.36   -0.000111186     0.00355312
          12.37   -0.000111186     0.00355312
          12.38   -0.000111186     0.00355312
          12.39   -0.000111186     0.00355312
           12.4   -0.000111186     0.00355312
          12.41   -0.000111186     0.00355312
          12.42   -0.000111186     0.00355312
          12.43   -0.000111186     0.00355312
          12.44   -0.000111186     0.00355312
          12.45   -0.000111186     0.00355312
          12.46   -0.000111186     0.00355312
          12.47   -0.000111186     0.00355312
          12.48   -0.000111186     0.00355312
          12.49   -0.000111186     0.00355312
           12.5   -0.000111186     0.00355312
          12.51   -0.000111186     0.00355312
          12.52   -0.000111186     0.00355312
          12.53   -0.000111186     0.00355312
          12.54   -0.000111186     0.00355312
          12.55   -0.000111186     0.00355312
          12.56   -0.000111186     0.00355312
          12.57   -0.000111186     0.00355312
          12.58   -0.000111186     0.00355312
          12.59   -0.000111186     0.00355312
           12.6   -0.000111186     0.00355312
          12.61   -0.000111186     0.00355312
          12.62   -0.000111186     0.00355312
          12.63   -0.000111186     0.00355312
          12.64   -0.000111186     0.00355312
          12.65   -0.000111186     0.00355312
          12.66   -0.000111186     0.00355312
          12.67   -0.000111186     0.00355312
          12.68   -0.000111186     0.00355312
          12.69   -0.000111186     0.00355312
           12.7   -0.000111186     0.00355312
          12.71   -0.000111186     0.00355312
          12.72   -0.000111186     0.00355312
          12.73   -0.000111186     0.00355312
          12.74   -0.000111186     0.00355312
          12.75   -0.000111186     0.00355312
          12.76   -0.000111186     0.00355312
          12.77   -0.000111186     0.00355312
          12.78   -0.000111186     0.00355312
          12.79   -0.000111186     0.00355312
           12.8   -0.000111186     0.00355312
          12.81   -0.000111186     0.00355312
          12.82   -0.000111186     0.00355312
          12.83   -0.000111186     0.00355312
          12.84   -0.000111186     0.00355312
          12.85   -0.000111186     0.00355312
          12.86   -0.000111186     0.00355312
          12.87   -0.000111186     0.00355312
          12.88   -0.000111186     0.00355312
          12.89   -0.000111186     0.00355312
           12.9   -0.000111186     0.00355312
          12.91   -0.000111186     0.00355312
          12.92   -0.000111186     0.00355312
          12.93   -0.000111186     0.00355312
          12.94   -0.000111186     0.00355312
          12.95   -0.000111186     0.00355312
          12.96   -0.000111186     0.00355312
          12.97   -0.000111186     0.00355312
          12.98   -0.000111186     0.00355312
          12.99   -0.000111186     0.00355312
             13   -0.000111186     0.00355312
          13.01   -0.000111186     0.00355312
          13.02   -0.000111186     0.00355312
          13.03   -0.000111186     0.00355312
          13.04   -0.000111186     0.00355312
          13.05   -0.000111186     0.00355312
          13.06   -0.000111186     0.00355312
          13.07   -0.000111186     0.00355312
          13.08   -0.000111186     0.00355312
          13.09   -0.000111186     0.00355312
           13.1   -0.000111186     0.00355312
          13.11   -0.000111186     0.00355312
          13.12   -0.000111186     0.00355312
          13.13   -0.000111186     0.00355312
          13.14   -0.000111186     0.00355312
          13.15   -0.000111186     0.00355312
          13.16   -0.000111186     0.00355312
          13.17   -0.000111186     0.00355312
          13.18   -0.000111186     0.00355312
          13.19   -0.000111186     0.00355312
           13.2   -0.000111186     0.00355312
          13.21   -0.000111186     0.00355312
          13.22   -0.000111186     0.00355312
          13.23   -0.000111186     0.00355312
          13.24   -0.000111186     0.00355312
          13.25   -0.000111186     0.00355312
          13.26   -0.000111186     0.00355312
          13.27   -0.000111186     0.00355312
          13.28   -0.000111186     0.00355312
          13.29   -0.000111186     0.00355312
           13.3   -0.000111186     0.00355312
          13.31   -0.000111186     0.00355312
          13.32   -0.000111186     0.00355312
          13.33   -0.000111186     0.00355312
          13.34   -0.000111186     0.00355312
          13.35   -0.000111186     0.00355312
          13.36   -0.000111186     0.00355312
          13.37   -0.000111186     0.00355312
          13.38   -0.000111186     0.00355312
          13.39   -0.000111186     0.00355312
           13.4   -0.000111186     0.00355312
          13.41   -0.000111186     0.00355312
          13.42   -0.000111186     0.00355312
          13.43   -0.000111186     0.00355312
          13.44   -0.000111186     0.00355312
          13.45   -0.000111186     0.00355312
          13.46   -0.000111186     0.00355312
          13.47   -0.000111186     0.00355312
          13.48   -0.000111186     0.00355312
          13.49   -0.000111186     0.00355312
           13.5   -0.000111186     0.00355312
          13.51   -0.000111186     0.00355312
          13.52   -0.000111186     0.00355312
          13.53   -0.000111186     0.00355312
          13.54   -0.000111186     0.00355312
          13.55   -0.000111186     0.00355312
          13.56   -0.000111186     0.00355312
          13.57   -0.000111186     0.00355312
          13.58   -0.000111186     0.00355312
          13.59   -0.000111186     0.00355312
           13.6   -0.000111186     0.00355312
          13.61   -0.000111186     0.00355312
          13.62   -0.000111186     0.00355312
          13.63   -0.000111186     0.00355312
          13.64   -0.000111186     0.00355312
          13.65   -0.000111186     0.00355312
          13.66   -0.000111186     0.00355312
          13.67   -0.000111186     0.00355312
          13.68   -0.000111186     0.00355312
          13.69   -0.000111186     0.00355312
           13.7   -0.000111186     0.00355312
          13.71   -0.000111186     0.00355312
          13.72   -0.000111186     0.00355312
          13.73   -0.000111186     0.00355312
          13.74   -0.000111186     0.00355312
          13.75   -0.000111186     0.00355312
          13.76   -0.000111186     0.00355312
          13.77   -0.000111186     0.00355312
          13.78   -0.000111186     0.00355312
          13.79   -0.000111186     0.00355312
           13.8   -0.000111186     0.00355312
          13.81   -0.000111186     0.00355312
          13.82   -0.000111186     0.00355312
          13.83   -0.000111186     0.00355312
          13.84   -0.000111186     0.00355312
          13.85   -0.000111186     0.00355312
          13.86   -0.000111186     0.00355312
          13.87   -0.000111186     0.00355312
          13.88   -0.000111186     0.00355312
          13.89   -0.000111186     0.00355312
           13.9   -0.000111186     0.00355312
          13.91   -0.000111186     0.00355312
          13.92   -0.000111186     0.00355312
          13.93   -0.000111186     0.00355312
          13.94   -0.000111186     0.00355312
          13.95   -0.000111186     0.00355312
          13.96   -0.000111186     0.00355312
          13.97   -0.000111186     0.00355312
          13.98   -0.000111186     0.00355312
          13.99   -0.000111186     0.00355312
             14   -0.000111186     0.00355312
          14.01   -0.000111186     0.00355312
          14.02   -0.000111186     0.00355312
          14.03   -0.000111186     0.00355312
          14.04   -0.000111186     0.00355312
          14.05   -0.000111186     0.00355312
          14.06   -0.000111186     0.00355312
          14.07   -0.000111186     0.00355312
          14.08   -0.000111186     0.00355312
          14.09   -0.000111186     0.00355312
           14.1   -0.000111186     0.00355312
          14.11   -0.000111186     0.00355312
          14.12   -0.000111186     0.00355312
          14.13   -0.000111186     0.00355312
          14.14   -0.000111186     0.00355312
          14.15   -0.000111186     0.00355312
          14.16   -0.000111186     0.00355312
          14.17   -0.000111186     0.00355312
          14.18   -0.000111186     0.00355312
          14.19   -0.000111186     0.00355312
           14.2   -0.000111186     0.00355312
          14.21   -0.000111186     0.00355312
          14.22   -0.000111186     0.00355312
          14.23   -0.000111186     0.00355312
          14.24   -0.000111186     0.00355312
          14.25   -0.000111186     0.00355312
          14.26   -0.000111186     0.00355312
          14.27   -0.000111186     0.00355312
          14.28   -0.000111186     0.00355312
          14.29   -0.000111186     0.00355312
           14.3   -0.000111186     0.00355312
          14.31   -0.000111186     0.00355312
          14.32   -0.000111186     0.00355312
          14.33   -0.000111186     0.00355312
          14.34   -0.000111186     0.00355312
          14.35   -0.000111186     0.00355312
          14.36   -0.000111186     0.00355312
          14.37   -0.000111186     0.00355312
          14.38   -0.000111186     0.00355312
          14.39   -0.000111186     0.00355312
           14.4   -0.000111186     0.00355312
          14.41   -0.000111186     0.00355312
          14.42   -0.000111186     0.00355312
          14.43   -0.000111186     0.00355312
          14.44   -0.000111186     0.00355312
          14.45   -0.000111186     0.00355312
          14.46   -0.000111186     0.00355312
          14.47   -0.000111186     0.00355312
          14.48   -0.000111186     0.00355312
          14.49   -0.000111186     0.00355312
           14.5   -0.000111186     0.00355312
          14.51   -0.000111186     0.00355312
          14.52   -0.000111186     0.00355312
          14.53   -0.000111186     0.00355312
          14.54   -0.000111186     0.00355312
          14.55   -0.000111186     0.00355312
          14.56   -0.000111186     0.00355312
          14.57   -0.000111186     0.00355312
          14.58   -0.000111186     0.00355312
          14.59   -0.000111186     0.00355312
           14.6   -0.000111186     0.00355312
          14.61   -0.000111186     0.00355312
          14.62   -0.000111186     0.00355312
          14.63   -0.000111186     0.00355312
          14.64   -0.000111186     0.00355312
          14.65   -0.000111186     0.00355312
          14.66   -0.000111186     0.00355312
          14.67   -0.000111186     0.00355312
          14.68   -0.000111186     0.00355312
          14.69   -0.000111186     0.00355312
           14.7   -0.000111186     0.00355312
          14.71   -0.000111186     0.00355312
          14.72   -0.000111186     0.00355312
          14.73   -0.000111186     0.00355312
          14.74   -0.000111186     0.00355312
          14.75   -0.000111186     0.00355312
          14.76   -0.000111186     0.00355312
          14.77   -0.000111186     0.00355312
          14.78   -0.000111186     0.00355312
          14.79   -0.000111186     0.00355312
           14.8   -0.000111186     0.00355312
          14.81   -0.000111186     0.00355312
          14.82   -0.000111186     0.00355312
          14.83   -0.000111186     0.00355312
          14.84   -0.000111186     0.00355312
          14.85   -0.000111186     0.00355312
          14.86   -0.000111186     0.00355312
          14.87   -0.000111186     0.00355312
          14.88   -0.000111186     0.00355312
          14.89   -0.000111186     0.00355312
           14.9   -0.000111186     0.00355312
          14.91   -0.000111186     0.00355312
          14.92   -0.000111186     0.00355312
          14.93   -0.000111186     0.00355312
          14.94   -0.000111186     0.00355312
          14.95   -0.000111186     0.00355312
          14.96   -0.000111186     0.00355312
          14.97   -0.000111186     0.00355312
          14.98   -0.000111186     0.00355312
          14.99   -0.000111186     0.00355312
             15   -0.000111186     0.00355312
